input=masfm.in
output=masfm.out

#calibration parameters
fx=537.491284726676550
fy=537.649314590332890
cx=321.595201744093060
cy=238.651541452067680
k1=0.036262687436296
k2=-0.108310532714464

#uncertainty of calibration parameters
sigma_fx=1.000000000000000
sigma_fy=1.000000000000000
sigma_cx=1.000000000000000
sigma_cy=1.000000000000000
sigma_k1=1.000000000000000
sigma_k2=1.000000000000000

fixed_marker_name=Tag36h11.14

#unit: mm
marker_half_size=86

verbose=1

#unit: rad
p_ang=1e-4

#unit: mm
p_pos=1e-2

#unit: pixel
sigma_u=0.2

max_iter_per_opt=20

do_covariance_estimation=true

# huber_loss_bandwidth=10
# error_rel_tol=1e-2