input=photo://../data/masfm/*.jpg
output=masfm.cam.out

tagfamiliesID=4
ImageSource:loop=false
outputDir=./test
callback_pause=false
logVisFrame=true
vis_process=true

#calibration parameters
fx=520.544057821402
fy=520.1849733954289
cx=291.4731915436965
cy=239.5481569250349
k1=-0.09121325191796478
k2=0.1657800009678882

#uncertainty of calibration parameters
sigma_fx=1.000000000000000
sigma_fy=1.000000000000000
sigma_cx=1.000000000000000
sigma_cy=1.000000000000000
sigma_k1=1.000000000000000
sigma_k2=1.000000000000000

fixed_marker_name=Tag36h11.0

#unit: mm
marker_half_size=86

verbose=1

#unit: rad
p_ang=1e-4

#unit: mm
p_pos=1e-2

#unit: pixel
sigma_u=0.2

max_iter_per_opt=20

do_covariance_estimation=true

# huber_loss_bandwidth=10
# error_rel_tol=1e-2